shape_id,shape_pt_lat,shape_pt_lon,shape_pt_sequence
r6261200,46.04950,13.19030,1
r6261200,46.04910,13.19170,2
r6261200,46.04890,13.19230,3
r6261200,46.04880,13.19250,4
r6261200,46.04870,13.19300,5
r6261200,46.04870,13.19300,6
r6261200,46.04860,13.19330,7
r6261200,46.04860,13.19330,8
r6261200,46.04860,13.19340,9
r6261200,46.04830,13.19410,10
r6261200,46.04770,13.19590,11
r6261200,46.04750,13.19680,12
r6261200,46.04730,13.19730,13
r6261200,46.04710,13.19800,14
r6261200,46.04710,13.19800,15
r6261200,46.04770,13.19910,16
r6261200,46.04830,13.20060,17
r6261200,46.04840,13.20090,18
r6261200,46.04890,13.20190,19
r6261200,46.04890,13.20200,20
r6261200,46.04890,13.20200,21
r6261200,46.04910,13.20260,22
r6261200,46.04920,13.20270,23
r6261200,46.04920,13.20270,24
r6261200,46.04930,13.20310,25
r6261200,46.04930,13.20310,26
r6261200,46.04940,13.20310,27
r6261200,46.04940,13.20310,28
r6261200,46.04960,13.20360,29
r6261200,46.04960,13.20360,30
r6261200,46.04990,13.20430,31
r6261200,46.04990,13.20430,32
r6261200,46.04990,13.20450,33
r6261200,46.04990,13.20450,34
r6261200,46.05020,13.20510,35
r6261200,46.05020,13.20510,36
r6261200,46.05040,13.20560,37
r6261200,46.05040,13.20560,38
r6261200,46.05090,13.20670,39
r6261200,46.05090,13.20670,40
r6261200,46.05110,13.20720,41
r6261200,46.05110,13.20720,42
r6261200,46.05120,13.20740,43
r6261200,46.05130,13.20770,44
r6261200,46.05200,13.20930,45
r6261200,46.05200,13.20930,46
r6261200,46.05420,13.21450,47
r6261200,46.05420,13.21450,48
r6261200,46.05620,13.21900,49
r6261200,46.05720,13.22130,50
r6261200,46.05720,13.22130,51
r6261200,46.05820,13.22370,52
r6261200,46.06000,13.22790,53
r6261200,46.06000,13.22810,54
r6261200,46.06010,13.22820,55
r6261200,46.06010,13.22830,56
r6261200,46.06010,13.22830,57
r6261200,46.06000,13.22840,58
r6261200,46.06000,13.22850,59
r6261200,46.06000,13.22850,60
r6261200,46.06000,13.22870,61
r6261200,46.06000,13.22870,62
r6261200,46.06010,13.22880,63
r6261200,46.06010,13.22890,64
r6261200,46.06010,13.22890,65
r6261200,46.06020,13.22900,66
r6261200,46.06030,13.22900,67
r6261200,46.06040,13.22910,68
r6261200,46.06050,13.22920,69
r6261200,46.06050,13.22940,70
r6261200,46.06160,13.23210,71
r6261200,46.06150,13.23190,72
r6261200,46.06140,13.23170,73
r6261200,46.06140,13.23160,74
r6261200,46.06130,13.23140,75
r6261200,46.06120,13.23110,76
r6261200,46.06110,13.23090,77
r6261200,46.06100,13.23050,78
r6261200,46.06080,13.23010,79
r6261200,46.06070,13.22990,80
r6261200,46.06070,13.22980,81
r6261200,46.06060,13.22940,82
r6261200,46.06050,13.22940,83
r6261200,46.06160,13.23210,84
r6261200,46.06170,13.23230,85
r6261200,46.06170,13.23240,86
r6261200,46.06170,13.23280,87
r6261200,46.06170,13.23280,88
r6261200,46.06140,13.23290,89
r6261200,46.06130,13.23290,90
r6261200,46.06110,13.23300,91
r6261200,46.06110,13.23300,92
r6261200,46.06080,13.23310,93
r6261200,46.06070,13.23310,94
r6261200,46.06050,13.23330,95
r6261200,46.06040,13.23330,96
r6261200,46.06030,13.23330,97
r6261200,46.06030,13.23330,98
r6261200,46.06020,13.23330,99
r6261200,46.06020,13.23340,100
r6261200,46.06020,13.23350,101
r6261200,46.06010,13.23360,102
r6261200,46.06010,13.23360,103
r6261200,46.06000,13.23350,104
r6261200,46.05980,13.23340,105
r6261200,46.05980,13.23340,106
r6261200,46.05970,13.23340,107
r6261200,46.05960,13.23340,108
r6261200,46.05950,13.23340,109
r6261200,46.05950,13.23340,110
r6261200,46.05940,13.23340,111
r6261200,46.05940,13.23350,112
r6261200,46.05930,13.23360,113
r6261200,46.05930,13.23360,114
r6261200,46.05930,13.23370,115
r6261200,46.05930,13.23390,116
r6261200,46.05930,13.23420,117
r6261200,46.05930,13.23460,118
r6261200,46.05930,13.23510,119
r6261200,46.05930,13.23540,120
r6261200,46.05930,13.23540,121
r6261200,46.05930,13.23590,122
r6261200,46.05930,13.23620,123
r6261200,46.05930,13.23620,124
r6261200,46.05930,13.23650,125
r6261200,46.05930,13.23670,126
r6261200,46.05940,13.23680,127
r6261200,46.05950,13.23710,128
r6261200,46.05880,13.23750,129
r6261200,46.05950,13.23710,130
r6261200,46.05780,13.23800,131
r6261200,46.05880,13.23750,132
r6261200,46.05770,13.23800,133
r6261200,46.05780,13.23800,134
r6261200,46.05760,13.23810,135
r6261200,46.05770,13.23800,136
r6261200,46.05770,13.23800,137
r6261200,46.05560,13.23910,138
r6261200,46.05570,13.23900,139
r6261200,46.05670,13.23850,140
r6261200,46.05760,13.23810,141
r6261200,46.05560,13.23910,142
r6261200,46.05560,13.23910,143
r6261200,46.05600,13.24050,144
r6261200,46.05600,13.24060,145
r6261200,46.05600,13.24060,146
r6261200,46.05600,13.24090,147
r6261200,46.05610,13.24130,148
r6261200,46.05610,13.24130,149
r6261200,46.05600,13.24150,150
r6261200,46.05610,13.24180,151
r6261200,46.05620,13.24210,152
r6261200,46.05620,13.24210,153
r6261200,46.05630,13.24210,154
r6261200,46.05630,13.24210,155
r6261200,46.05630,13.24220,156
r6261200,46.05650,13.24290,157
r6261200,46.05650,13.24310,158
r6261200,46.05680,13.24450,159
r6261200,46.05700,13.24500,160
r6261200,46.05700,13.24500,161
r6261200,46.05700,13.24510,162
r6261200,46.05700,13.24520,163
r6261200,46.05710,13.24540,164
r6261200,46.05720,13.24580,165
r6261200,46.05720,13.24580,166
r6261200,46.05730,13.24610,167
r6261200,46.05780,13.24720,168
r6261200,46.05780,13.24720,169
r6261200,46.05790,13.24740,170
r6261200,46.05800,13.24760,171
r6261200,46.05800,13.24760,172
r6261200,46.05820,13.24790,173
r6261200,46.05840,13.24800,174
r6261200,46.05850,13.24810,175
r6261200,46.05870,13.24820,176
r6261200,46.05890,13.24820,177
r6261200,46.05910,13.24820,178
r6261200,46.05920,13.24820,179
r6261200,46.05940,13.24810,180
r6261200,46.05960,13.24810,181
r6261200,46.06010,13.24790,182
r6261200,46.06030,13.24790,183
r6261200,46.06030,13.24790,184
r6261200,46.06050,13.24790,185
r6261200,46.06050,13.24790,186
r6261200,46.06100,13.24770,187
r6261200,46.06160,13.24760,188
r6261200,46.06230,13.24750,189
r6261200,46.06260,13.24740,190
r6261200,46.06320,13.24730,191
r6261200,46.06320,13.24730,192
r6261200,46.06370,13.24700,193
r6261200,46.06430,13.24670,194
r6261200,46.06490,13.24640,195
r6261200,46.06490,13.24640,196
r6261200,46.06500,13.24630,197
r6261200,46.06530,13.24620,198
r6261200,46.06570,13.24590,199
r6261200,46.06590,13.24580,200
r6261200,46.06590,13.24580,201
r6261200,46.06600,13.24580,202
r6261200,46.06640,13.24560,203
r6261200,46.06670,13.24540,204
r6261200,46.06740,13.24500,205
r6261200,46.06820,13.24450,206
r6261200,46.06820,13.24450,207
r6261200,46.06840,13.24460,208
r6261200,46.06840,13.24460,209
r6261200,46.06850,13.24470,210
r6261200,46.06850,13.24470,211
r6261200,46.06860,13.24480,212
r6261200,46.06860,13.24490,213
r6261200,46.06860,13.24490,214
r6261200,46.06880,13.24610,215
r6261200,46.06890,13.24660,216
r6261200,46.06900,13.24740,217
r6261200,46.06910,13.24770,218
r6261200,46.06920,13.24790,219
r6261200,46.06950,13.24850,220
r6261200,46.06970,13.24920,221
r6261200,46.06980,13.24940,222
r6261200,46.07000,13.25000,223
r6261200,46.07030,13.25060,224
r6261200,46.07040,13.25090,225
r6261200,46.07060,13.25120,226
r6261200,46.07090,13.25180,227
r6261200,46.07120,13.25240,228
r6261200,46.07130,13.25270,229
r6261200,46.07130,13.25280,230
r6261200,46.07130,13.25280,231
r6261200,46.07150,13.25320,232
r6261200,46.07150,13.25330,233
r6261200,46.07170,13.25410,234
r6261200,46.07240,13.26440,235
r6261200,46.07240,13.26410,236
r6261200,46.07230,13.26380,237
r6261200,46.07230,13.26280,238
r6261200,46.07220,13.26090,239
r6261200,46.07220,13.26060,240
r6261200,46.07210,13.25900,241
r6261200,46.07210,13.25780,242
r6261200,46.07200,13.25730,243
r6261200,46.07200,13.25720,244
r6261200,46.07200,13.25680,245
r6261200,46.07200,13.25670,246
r6261200,46.07200,13.25660,247
r6261200,46.07190,13.25560,248
r6261200,46.07180,13.25480,249
r6261200,46.07170,13.25420,250
r6261200,46.07170,13.25410,251
r6261200,46.07240,13.26440,252
r6261200,46.07260,13.26430,253
r6261200,46.07340,13.26400,254
r6261200,46.07370,13.26380,255
r6261200,46.07430,13.26340,256
r6261200,46.07460,13.26330,257
r6261200,46.07460,13.26330,258
r6261200,46.07470,13.26320,259
r6261200,46.07470,13.26320,260
r6261200,46.07480,13.26320,261
r6261200,46.07480,13.26320,262
r6261200,46.07480,13.26320,263
r6261200,46.07480,13.26320,264
r6261200,46.07490,13.26320,265
r6261200,46.07490,13.26320,266
r6261200,46.07490,13.26310,267
r6261200,46.07490,13.26310,268
r6261200,46.07500,13.26300,269
r6261200,46.07500,13.26300,270
r6261200,46.07500,13.26300,271
r6261200,46.07510,13.26300,272
r6261200,46.07510,13.26290,273
r6261200,46.07510,13.26290,274
r6261200,46.07530,13.26290,275
r6261200,46.07570,13.26260,276
r6261200,46.07580,13.26260,277
r6261200,46.07590,13.26250,278
r6261200,46.07600,13.26250,279
r6261200,46.07610,13.26250,280
r6261200,46.07620,13.26250,281
r6261200,46.07640,13.26250,282
r6261200,46.07650,13.26240,283
r6261200,46.07660,13.26240,284
r6261200,46.07670,13.26220,285
r6261200,46.07670,13.26220,286
r6261200,46.07680,13.26220,287
r6261200,46.07680,13.26220,288
r6261200,46.07700,13.26200,289
r6261200,46.07700,13.26200,290
r6261200,46.07730,13.26170,291
r6261200,46.07750,13.26150,292
r6261200,46.07780,13.26120,293
r6261200,46.07780,13.26120,294
r6261200,46.07840,13.26060,295
r6261200,46.07850,13.26060,296
r6261200,46.07850,13.26060,297
r6261200,46.07870,13.26040,298
r6261200,46.07850,13.26010,299
r6261200,46.07870,13.26040,300
r6261200,46.07850,13.26010,301
r6261200,46.07840,13.26020,302
r6261200,46.07840,13.26030,303
r6261200,46.07840,13.26040,304
r6261200,46.07850,13.26060,305
r6261200,46.07780,13.26120,306
r6261200,46.07840,13.26060,307
r6261200,46.07850,13.26060,308
r6261200,46.07780,13.26120,309
r6261200,46.07720,13.26160,310
r6261200,46.07710,13.26160,311
r6261200,46.07690,13.26180,312
r6261200,46.07690,13.26180,313
r6261200,46.07670,13.26190,314
r6261200,46.07680,13.26220,315
r6261200,46.07670,13.26190,316
r6261200,46.07680,13.26220,317
r6261200,46.07730,13.26330,318
r6261200,46.07740,13.26340,319
r6261200,46.07740,13.26340,320
r6261200,46.07820,13.26500,321
r6261200,46.07820,13.26500,322
r6261200,46.07820,13.26510,323
r6261200,46.07820,13.26510,324
r6261200,46.07720,13.26560,325
r6261200,46.07690,13.26580,326
r6261200,46.07860,13.27190,327
r6261200,46.07800,13.26960,328
r6261200,46.07780,13.26890,329
r6261200,46.07770,13.26880,330
r6261200,46.07750,13.26790,331
r6261200,46.07750,13.26780,332
r6261200,46.07690,13.26580,333
r6261200,46.07750,13.27260,334
r6261200,46.07770,13.27250,335
r6261200,46.07860,13.27190,336
r6261200,46.07740,13.27260,337
r6261200,46.07750,13.27260,338
r6261200,46.07740,13.27260,339
r6261200,46.07830,13.27570,340
r6261200,46.07840,13.27610,341
r6261200,46.07840,13.27610,342
r6261200,46.07810,13.27630,343
r6261200,46.07740,13.27710,344
r6261200,46.07740,13.27710,345
r6261200,46.07730,13.27720,346
r6261200,46.07730,13.27720,347
r6261200,46.07730,13.27740,348
r6261200,46.07730,13.27740,349
r6261200,46.07730,13.27740,350
r6261200,46.07750,13.27740,351
r6261200,46.07810,13.27850,352
r6261200,46.07800,13.27790,353
r6261200,46.07790,13.27770,354
r6261200,46.07770,13.27760,355
r6261200,46.07760,13.27750,356
r6261200,46.07750,13.27740,357
r6261200,46.07830,13.27940,358
r6261200,46.07810,13.27850,359
r6261309,46.04950,13.19030,360
r6261309,46.04910,13.19170,361
r6261309,46.04890,13.19230,362
r6261309,46.04880,13.19250,363
r6261309,46.04870,13.19300,364
r6261309,46.04870,13.19300,365
r6261309,46.04860,13.19330,366
r6261309,46.04860,13.19330,367
r6261309,46.04860,13.19340,368
r6261309,46.04830,13.19410,369
r6261309,46.04770,13.19590,370
r6261309,46.04750,13.19680,371
r6261309,46.04730,13.19730,372
r6261309,46.04710,13.19800,373
r6261309,46.04710,13.19800,374
r6261309,46.04770,13.19910,375
r6261309,46.04830,13.20060,376
r6261309,46.04840,13.20090,377
r6261309,46.04890,13.20190,378
r6261309,46.04890,13.20200,379
r6261309,46.04890,13.20200,380
r6261309,46.04910,13.20260,381
r6261309,46.04920,13.20270,382
r6261309,46.04920,13.20270,383
r6261309,46.04930,13.20310,384
r6261309,46.04930,13.20310,385
r6261309,46.04940,13.20310,386
r6261309,46.04940,13.20310,387
r6261309,46.04960,13.20360,388
r6261309,46.04960,13.20360,389
r6261309,46.04990,13.20430,390
r6261309,46.04990,13.20430,391
r6261309,46.04990,13.20450,392
r6261309,46.04990,13.20450,393
r6261309,46.05020,13.20510,394
r6261309,46.05020,13.20510,395
r6261309,46.05040,13.20560,396
r6261309,46.05040,13.20560,397
r6261309,46.05090,13.20670,398
r6261309,46.05090,13.20670,399
r6261309,46.05110,13.20720,400
r6261309,46.05110,13.20720,401
r6261309,46.05120,13.20740,402
r6261309,46.05130,13.20770,403
r6261309,46.05200,13.20930,404
r6261309,46.05200,13.20930,405
r6261309,46.05420,13.21450,406
r6261309,46.05420,13.21450,407
r6261309,46.05620,13.21900,408
r6261309,46.05720,13.22130,409
r6261309,46.05720,13.22130,410
r6261309,46.05820,13.22370,411
r6261309,46.06000,13.22790,412
r6261309,46.06000,13.22810,413
r6261309,46.06010,13.22820,414
r6261309,46.06010,13.22830,415
r6261309,46.06010,13.22830,416
r6261309,46.06000,13.22840,417
r6261309,46.06000,13.22850,418
r6261309,46.06000,13.22850,419
r6261309,46.06000,13.22870,420
r6261309,46.06000,13.22870,421
r6261309,46.06010,13.22880,422
r6261309,46.06010,13.22890,423
r6261309,46.06010,13.22890,424
r6261309,46.06020,13.22900,425
r6261309,46.06030,13.22900,426
r6261309,46.06040,13.22910,427
r6261309,46.06050,13.22920,428
r6261309,46.06050,13.22940,429
r6261309,46.06160,13.23210,430
r6261309,46.06150,13.23190,431
r6261309,46.06140,13.23170,432
r6261309,46.06140,13.23160,433
r6261309,46.06130,13.23140,434
r6261309,46.06120,13.23110,435
r6261309,46.06110,13.23090,436
r6261309,46.06100,13.23050,437
r6261309,46.06080,13.23010,438
r6261309,46.06070,13.22990,439
r6261309,46.06070,13.22980,440
r6261309,46.06060,13.22940,441
r6261309,46.06050,13.22940,442
r6261309,46.06160,13.23210,443
r6261309,46.06170,13.23230,444
r6261309,46.06170,13.23240,445
r6261309,46.06170,13.23280,446
r6261309,46.06170,13.23280,447
r6261309,46.06140,13.23290,448
r6261309,46.06130,13.23290,449
r6261309,46.06110,13.23300,450
r6261309,46.06110,13.23300,451
r6261309,46.06080,13.23310,452
r6261309,46.06070,13.23310,453
r6261309,46.06050,13.23330,454
r6261309,46.06040,13.23330,455
r6261309,46.06030,13.23330,456
r6261309,46.06030,13.23330,457
r6261309,46.06020,13.23330,458
r6261309,46.06020,13.23340,459
r6261309,46.06020,13.23350,460
r6261309,46.06010,13.23360,461
r6261309,46.06010,13.23360,462
r6261309,46.06000,13.23350,463
r6261309,46.05980,13.23340,464
r6261309,46.05980,13.23340,465
r6261309,46.05970,13.23340,466
r6261309,46.05960,13.23340,467
r6261309,46.05950,13.23340,468
r6261309,46.05950,13.23340,469
r6261309,46.05940,13.23340,470
r6261309,46.05940,13.23350,471
r6261309,46.05930,13.23360,472
r6261309,46.05930,13.23360,473
r6261309,46.05930,13.23370,474
r6261309,46.05930,13.23390,475
r6261309,46.05930,13.23420,476
r6261309,46.05930,13.23460,477
r6261309,46.05930,13.23510,478
r6261309,46.05930,13.23540,479
r6261309,46.05930,13.23540,480
r6261309,46.05930,13.23590,481
r6261309,46.05930,13.23620,482
r6261309,46.05930,13.23620,483
r6261309,46.05930,13.23650,484
r6261309,46.05930,13.23670,485
r6261309,46.05940,13.23680,486
r6261309,46.05950,13.23710,487
r6261309,46.05880,13.23750,488
r6261309,46.05950,13.23710,489
r6261309,46.05780,13.23800,490
r6261309,46.05880,13.23750,491
r6261309,46.05770,13.23800,492
r6261309,46.05780,13.23800,493
r6261309,46.05760,13.23810,494
r6261309,46.05770,13.23800,495
r6261309,46.05770,13.23800,496
r6261309,46.05560,13.23910,497
r6261309,46.05570,13.23900,498
r6261309,46.05670,13.23850,499
r6261309,46.05760,13.23810,500
r6261309,46.05560,13.23910,501
r6261309,46.05560,13.23910,502
r6261309,46.05600,13.24050,503
r6261309,46.05600,13.24060,504
r6261309,46.05600,13.24060,505
r6261309,46.05600,13.24090,506
r6261309,46.05610,13.24130,507
r6261309,46.05610,13.24130,508
r6261309,46.05600,13.24150,509
r6261309,46.05610,13.24180,510
r6261309,46.05620,13.24210,511
r6261309,46.05620,13.24210,512
r6261309,46.05630,13.24210,513
r6261309,46.05630,13.24210,514
r6261309,46.05630,13.24220,515
r6261309,46.05650,13.24290,516
r6261309,46.05650,13.24310,517
r6261309,46.05680,13.24450,518
r6261309,46.05700,13.24500,519
r6261309,46.05700,13.24500,520
r6261309,46.05700,13.24510,521
r6261309,46.05700,13.24520,522
r6261309,46.05710,13.24540,523
r6261309,46.05720,13.24580,524
r6261309,46.05720,13.24580,525
r6261309,46.05730,13.24610,526
r6261309,46.05780,13.24720,527
r6261309,46.05780,13.24720,528
r6261309,46.05790,13.24740,529
r6261309,46.05800,13.24760,530
r6261309,46.05800,13.24760,531
r6261309,46.05820,13.24790,532
r6261309,46.05840,13.24800,533
r6261309,46.05850,13.24810,534
r6261309,46.05870,13.24820,535
r6261309,46.05890,13.24820,536
r6261309,46.05910,13.24820,537
r6261309,46.05920,13.24820,538
r6261309,46.05940,13.24810,539
r6261309,46.05960,13.24810,540
r6261309,46.06010,13.24790,541
r6261309,46.06030,13.24790,542
r6261309,46.06030,13.24790,543
r6261309,46.06050,13.24790,544
r6261309,46.06050,13.24790,545
r6261309,46.06100,13.24770,546
r6261309,46.06160,13.24760,547
r6261309,46.06230,13.24750,548
r6261309,46.06260,13.24740,549
r6261309,46.06320,13.24730,550
r6261309,46.06320,13.24730,551
r6261309,46.06370,13.24700,552
r6261309,46.06430,13.24670,553
r6261309,46.06490,13.24640,554
r6261309,46.06490,13.24640,555
r6261309,46.06500,13.24630,556
r6261309,46.06530,13.24620,557
r6261309,46.06570,13.24590,558
r6261309,46.06590,13.24580,559
r6261309,46.06590,13.24580,560
r6261309,46.06600,13.24580,561
r6261309,46.06640,13.24560,562
r6261309,46.06670,13.24540,563
r6261309,46.06740,13.24500,564
r6261309,46.06820,13.24450,565
r6261309,46.06820,13.24450,566
r6261309,46.06840,13.24460,567
r6261309,46.06840,13.24460,568
r6261309,46.06850,13.24470,569
r6261309,46.06850,13.24470,570
r6261309,46.06860,13.24480,571
r6261309,46.06860,13.24490,572
r6261309,46.06860,13.24490,573
r6261309,46.06880,13.24610,574
r6261309,46.06890,13.24660,575
r6261309,46.06900,13.24740,576
r6261309,46.06910,13.24770,577
r6261309,46.06920,13.24790,578
r6261309,46.06950,13.24850,579
r6261309,46.06970,13.24920,580
r6261309,46.06980,13.24940,581
r6261309,46.07000,13.25000,582
r6261309,46.07030,13.25060,583
r6261309,46.07040,13.25090,584
r6261309,46.07060,13.25120,585
r6261309,46.07090,13.25180,586
r6261309,46.07120,13.25240,587
r6261309,46.07130,13.25270,588
r6261309,46.07130,13.25280,589
r6261309,46.07130,13.25280,590
r6261309,46.07150,13.25320,591
r6261309,46.07150,13.25330,592
r6261309,46.07170,13.25410,593
r6261309,46.07240,13.26440,594
r6261309,46.07240,13.26410,595
r6261309,46.07230,13.26380,596
r6261309,46.07230,13.26280,597
r6261309,46.07220,13.26090,598
r6261309,46.07220,13.26060,599
r6261309,46.07210,13.25900,600
r6261309,46.07210,13.25780,601
r6261309,46.07200,13.25730,602
r6261309,46.07200,13.25720,603
r6261309,46.07200,13.25680,604
r6261309,46.07200,13.25670,605
r6261309,46.07200,13.25660,606
r6261309,46.07190,13.25560,607
r6261309,46.07180,13.25480,608
r6261309,46.07170,13.25420,609
r6261309,46.07170,13.25410,610
r6261309,46.07580,13.27810,611
r6261309,46.07580,13.27770,612
r6261309,46.07580,13.27750,613
r6261309,46.07570,13.27670,614
r6261309,46.07560,13.27590,615
r6261309,46.07560,13.27550,616
r6261309,46.07550,13.27530,617
r6261309,46.07540,13.27490,618
r6261309,46.07530,13.27450,619
r6261309,46.07530,13.27450,620
r6261309,46.07520,13.27400,621
r6261309,46.07490,13.27320,622
r6261309,46.07480,13.27280,623
r6261309,46.07470,13.27260,624
r6261309,46.07460,13.27220,625
r6261309,46.07460,13.27200,626
r6261309,46.07430,13.27110,627
r6261309,46.07420,13.27050,628
r6261309,46.07400,13.27000,629
r6261309,46.07400,13.26980,630
r6261309,46.07390,13.26970,631
r6261309,46.07380,13.26930,632
r6261309,46.07350,13.26810,633
r6261309,46.07350,13.26800,634
r6261309,46.07340,13.26790,635
r6261309,46.07320,13.26730,636
r6261309,46.07290,13.26630,637
r6261309,46.07290,13.26610,638
r6261309,46.07280,13.26580,639
r6261309,46.07270,13.26540,640
r6261309,46.07250,13.26480,641
r6261309,46.07250,13.26470,642
r6261309,46.07240,13.26440,643
r6261309,46.07580,13.27880,644
r6261309,46.07580,13.27840,645
r6261309,46.07580,13.27810,646
r6261309,46.07570,13.27940,647
r6261309,46.07570,13.27920,648
r6261309,46.07570,13.27910,649
r6261309,46.07580,13.27880,650
r6261309,46.07550,13.28220,651
r6261309,46.07540,13.28180,652
r6261309,46.07540,13.28170,653
r6261309,46.07540,13.28160,654
r6261309,46.07540,13.28130,655
r6261309,46.07550,13.28100,656
r6261309,46.07550,13.28100,657
r6261309,46.07560,13.28010,658
r6261309,46.07570,13.27940,659
r6261309,46.07560,13.28270,660
r6261309,46.07550,13.28260,661
r6261309,46.07550,13.28220,662
r6261309,46.07590,13.28260,663
r6261309,46.07560,13.28270,664
r6270879,46.04950,13.19030,665
r6270879,46.04910,13.19170,666
r6270879,46.04890,13.19230,667
r6270879,46.04880,13.19250,668
r6270879,46.04870,13.19300,669
r6270879,46.04870,13.19300,670
r6270879,46.04860,13.19330,671
r6270879,46.04860,13.19330,672
r6270879,46.04860,13.19340,673
r6270879,46.04830,13.19410,674
r6270879,46.04770,13.19590,675
r6270879,46.04750,13.19680,676
r6270879,46.04730,13.19730,677
r6270879,46.04710,13.19800,678
r6270879,46.04710,13.19800,679
r6270879,46.04770,13.19910,680
r6270879,46.04830,13.20060,681
r6270879,46.04840,13.20090,682
r6270879,46.04890,13.20190,683
r6270879,46.04890,13.20200,684
r6270879,46.04890,13.20200,685
r6270879,46.04910,13.20260,686
r6270879,46.04920,13.20270,687
r6270879,46.04920,13.20270,688
r6270879,46.04930,13.20310,689
r6270879,46.04930,13.20310,690
r6270879,46.04940,13.20310,691
r6270879,46.04940,13.20310,692
r6270879,46.04960,13.20360,693
r6270879,46.04960,13.20360,694
r6270879,46.04990,13.20430,695
r6270879,46.04990,13.20430,696
r6270879,46.04990,13.20450,697
r6270879,46.04990,13.20450,698
r6270879,46.05020,13.20510,699
r6270879,46.05020,13.20510,700
r6270879,46.05040,13.20560,701
r6270879,46.05040,13.20560,702
r6270879,46.05090,13.20670,703
r6270879,46.05090,13.20670,704
r6270879,46.05110,13.20720,705
r6270879,46.05110,13.20720,706
r6270879,46.05120,13.20740,707
r6270879,46.05130,13.20770,708
r6270879,46.05200,13.20930,709
r6270879,46.05200,13.20930,710
r6270879,46.05420,13.21450,711
r6270879,46.05420,13.21450,712
r6270879,46.05620,13.21900,713
r6270879,46.05720,13.22130,714
r6270879,46.05720,13.22130,715
r6270879,46.05820,13.22370,716
r6270879,46.06000,13.22790,717
r6270879,46.06000,13.22810,718
r6270879,46.06010,13.22820,719
r6270879,46.06010,13.22830,720
r6270879,46.06010,13.22830,721
r6270879,46.06000,13.22840,722
r6270879,46.06000,13.22850,723
r6270879,46.06000,13.22850,724
r6270879,46.06000,13.22870,725
r6270879,46.06000,13.22870,726
r6270879,46.06010,13.22880,727
r6270879,46.06010,13.22890,728
r6270879,46.06010,13.22890,729
r6270879,46.06020,13.22900,730
r6270879,46.06030,13.22900,731
r6270879,46.06040,13.22910,732
r6270879,46.06050,13.22920,733
r6270879,46.06050,13.22940,734
r6270879,46.06160,13.23210,735
r6270879,46.06150,13.23190,736
r6270879,46.06140,13.23170,737
r6270879,46.06140,13.23160,738
r6270879,46.06130,13.23140,739
r6270879,46.06120,13.23110,740
r6270879,46.06110,13.23090,741
r6270879,46.06100,13.23050,742
r6270879,46.06080,13.23010,743
r6270879,46.06070,13.22990,744
r6270879,46.06070,13.22980,745
r6270879,46.06060,13.22940,746
r6270879,46.06050,13.22940,747
r6270879,46.06160,13.23210,748
r6270879,46.06170,13.23230,749
r6270879,46.06170,13.23240,750
r6270879,46.06170,13.23280,751
r6270879,46.06170,13.23280,752
r6270879,46.06140,13.23290,753
r6270879,46.06130,13.23290,754
r6270879,46.06110,13.23300,755
r6270879,46.06110,13.23300,756
r6270879,46.06080,13.23310,757
r6270879,46.06070,13.23310,758
r6270879,46.06050,13.23330,759
r6270879,46.06040,13.23330,760
r6270879,46.06030,13.23330,761
r6270879,46.06030,13.23330,762
r6270879,46.06020,13.23330,763
r6270879,46.06020,13.23340,764
r6270879,46.06020,13.23350,765
r6270879,46.06010,13.23360,766
r6270879,46.06010,13.23360,767
r6270879,46.06000,13.23350,768
r6270879,46.05980,13.23340,769
r6270879,46.05980,13.23340,770
r6270879,46.05970,13.23340,771
r6270879,46.05960,13.23340,772
r6270879,46.05950,13.23340,773
r6270879,46.05950,13.23340,774
r6270879,46.05940,13.23340,775
r6270879,46.05940,13.23350,776
r6270879,46.05930,13.23360,777
r6270879,46.05930,13.23360,778
r6270879,46.05930,13.23370,779
r6270879,46.05930,13.23390,780
r6270879,46.05930,13.23420,781
r6270879,46.05930,13.23460,782
r6270879,46.05930,13.23510,783
r6270879,46.05930,13.23540,784
r6270879,46.05930,13.23540,785
r6270879,46.05930,13.23590,786
r6270879,46.05930,13.23620,787
r6270879,46.05930,13.23620,788
r6270879,46.05930,13.23650,789
r6270879,46.05930,13.23670,790
r6270879,46.05940,13.23680,791
r6270879,46.05950,13.23710,792
r6270879,46.05880,13.23750,793
r6270879,46.05950,13.23710,794
r6270879,46.05780,13.23800,795
r6270879,46.05880,13.23750,796
r6270879,46.05770,13.23800,797
r6270879,46.05780,13.23800,798
r6270879,46.05760,13.23810,799
r6270879,46.05770,13.23800,800
r6270879,46.05770,13.23800,801
r6270879,46.05560,13.23910,802
r6270879,46.05570,13.23900,803
r6270879,46.05670,13.23850,804
r6270879,46.05760,13.23810,805
r6270879,46.05560,13.23910,806
r6270879,46.05560,13.23910,807
r6270879,46.05600,13.24050,808
r6270879,46.05600,13.24060,809
r6270879,46.05600,13.24060,810
r6270879,46.05600,13.24090,811
r6270879,46.05610,13.24130,812
r6270879,46.05610,13.24130,813
r6270879,46.05600,13.24150,814
r6270879,46.05610,13.24180,815
r6270879,46.05620,13.24210,816
r6270879,46.05620,13.24210,817
r6270879,46.05630,13.24210,818
r6270879,46.05630,13.24210,819
r6270879,46.05630,13.24220,820
r6270879,46.05650,13.24290,821
r6270879,46.05650,13.24310,822
r6270879,46.05680,13.24450,823
r6270879,46.05700,13.24500,824
r6270879,46.05700,13.24500,825
r6270879,46.05700,13.24510,826
r6270879,46.05700,13.24520,827
r6270879,46.05710,13.24540,828
r6270879,46.05720,13.24580,829
r6270879,46.05720,13.24580,830
r6270879,46.05730,13.24610,831
r6270879,46.05780,13.24720,832
r6270879,46.05780,13.24720,833
r6270879,46.05790,13.24740,834
r6270879,46.05800,13.24760,835
r6270879,46.05800,13.24760,836
r6270879,46.05820,13.24790,837
r6270879,46.05840,13.24800,838
r6270879,46.05850,13.24810,839
r6270879,46.05870,13.24820,840
r6270879,46.05890,13.24820,841
r6270879,46.05910,13.24820,842
r6270879,46.05920,13.24820,843
r6270879,46.05940,13.24810,844
r6270879,46.05960,13.24810,845
r6270879,46.06010,13.24790,846
r6270879,46.06030,13.24790,847
r6270879,46.06030,13.24790,848
r6270879,46.06050,13.24790,849
r6270879,46.06050,13.24790,850
r6270879,46.06100,13.24770,851
r6270879,46.06160,13.24760,852
r6270879,46.06230,13.24750,853
r6270879,46.06260,13.24740,854
r6270879,46.06320,13.24730,855
r6270879,46.06320,13.24730,856
r6270879,46.06370,13.24700,857
r6270879,46.06430,13.24670,858
r6270879,46.06490,13.24640,859
r6270879,46.06490,13.24640,860
r6270879,46.06500,13.24630,861
r6270879,46.06530,13.24620,862
r6270879,46.06570,13.24590,863
r6270879,46.06590,13.24580,864
r6270879,46.06590,13.24580,865
r6270879,46.06600,13.24580,866
r6270879,46.06640,13.24560,867
r6270879,46.06670,13.24540,868
r6270879,46.06740,13.24500,869
r6270879,46.06820,13.24450,870
r6270879,46.06820,13.24450,871
r6270879,46.06840,13.24460,872
r6270879,46.06840,13.24460,873
r6270879,46.06850,13.24470,874
r6270879,46.06850,13.24470,875
r6270879,46.06860,13.24480,876
r6270879,46.06860,13.24490,877
r6270879,46.06860,13.24490,878
r6270879,46.06880,13.24610,879
r6270879,46.06890,13.24660,880
r6270879,46.06900,13.24740,881
r6270879,46.06910,13.24770,882
r6270879,46.06920,13.24790,883
r6270879,46.06950,13.24850,884
r6270879,46.06970,13.24920,885
r6270879,46.06980,13.24940,886
r6270879,46.07000,13.25000,887
r6270879,46.07030,13.25060,888
r6270879,46.07040,13.25090,889
r6270879,46.07060,13.25120,890
r6270879,46.07090,13.25180,891
r6270879,46.07120,13.25240,892
r6270879,46.07130,13.25270,893
r6270879,46.07130,13.25280,894
r6270879,46.07130,13.25280,895
r6270879,46.07150,13.25320,896
r6270879,46.07150,13.25330,897
r6270879,46.07170,13.25410,898
r6270879,46.07240,13.26440,899
r6270879,46.07240,13.26410,900
r6270879,46.07230,13.26380,901
r6270879,46.07230,13.26280,902
r6270879,46.07220,13.26090,903
r6270879,46.07220,13.26060,904
r6270879,46.07210,13.25900,905
r6270879,46.07210,13.25780,906
r6270879,46.07200,13.25730,907
r6270879,46.07200,13.25720,908
r6270879,46.07200,13.25680,909
r6270879,46.07200,13.25670,910
r6270879,46.07200,13.25660,911
r6270879,46.07190,13.25560,912
r6270879,46.07180,13.25480,913
r6270879,46.07170,13.25420,914
r6270879,46.07170,13.25410,915
r6270879,46.07580,13.27810,916
r6270879,46.07580,13.27770,917
r6270879,46.07580,13.27750,918
r6270879,46.07570,13.27670,919
r6270879,46.07560,13.27590,920
r6270879,46.07560,13.27550,921
r6270879,46.07550,13.27530,922
r6270879,46.07540,13.27490,923
r6270879,46.07530,13.27450,924
r6270879,46.07530,13.27450,925
r6270879,46.07520,13.27400,926
r6270879,46.07490,13.27320,927
r6270879,46.07480,13.27280,928
r6270879,46.07470,13.27260,929
r6270879,46.07460,13.27220,930
r6270879,46.07460,13.27200,931
r6270879,46.07430,13.27110,932
r6270879,46.07420,13.27050,933
r6270879,46.07400,13.27000,934
r6270879,46.07400,13.26980,935
r6270879,46.07390,13.26970,936
r6270879,46.07380,13.26930,937
r6270879,46.07350,13.26810,938
r6270879,46.07350,13.26800,939
r6270879,46.07340,13.26790,940
r6270879,46.07320,13.26730,941
r6270879,46.07290,13.26630,942
r6270879,46.07290,13.26610,943
r6270879,46.07280,13.26580,944
r6270879,46.07270,13.26540,945
r6270879,46.07250,13.26480,946
r6270879,46.07250,13.26470,947
r6270879,46.07240,13.26440,948
r6270879,46.07580,13.27880,949
r6270879,46.07580,13.27840,950
r6270879,46.07580,13.27810,951
r6270879,46.07580,13.27880,952
r6270879,46.07580,13.27880,953
r6270879,46.07590,13.27880,954
r6270879,46.07610,13.27870,955
r6270879,46.07610,13.27870,956
r6270879,46.07820,13.27940,957
r6270879,46.07820,13.27940,958
r6270879,46.07830,13.27970,959
r6270879,46.07830,13.27970,960
r6270879,46.07850,13.27960,961
r6270879,46.07830,13.27940,962
r6270879,46.07850,13.27960,963
r6270879,46.07830,13.27940,964
r6270879,46.07810,13.27850,965
